0
0
0
0
0
0
0
0
0
0
0
0
0
0
0
0
0
0
0
0
0
0
0
4
3
3
3
3
3
3
3
3
3
3
5
0
0
0
0
0
0
0
0
2
0
0
0
0
0
0
0
0
0
0
2
0
0
0
0
0
0
0
0
2
0
0
4
3
3
5
0
0
0
0
2
0
0
0
0
0
0
8
13
2
13
9
2
8
13
2
13
9
0
0
2
0
0
0
0
0
0
12
1
2
1
14
2
12
1
2
1
14
0
0
2
0
0
0
0
0
0
12
1
2
1
14
7
3
3
3
3
3
3
3
6
0
0
0
0
0
0
12
1
2
1
14
0
12
1
2
1
14
0
0
0
0
0
0
0
0
0
11
15
2
15
10
0
11
15
2
15
10
0
0
0
8
13
13
9
0
0
0
0
2
0
0
0
0
0
2
0
0
0
0
0
12
1
1
14
0
0
0
0
2
0
0
0
0
0
2
0
0
0
0
0
12
1
1
14
0
0
0
0
2
0
0
0
0
0
2
0
0
0
0
0
11
15
15
10
0
0
0
0
2
0
0
0
0
0
2
0
0
0
0
0
0
0
0
0
0
0
0
0
2
0
0
8
13
13
2
13
13
9
0
0
0
0
0
0
0
3
3
3
6
0
0
12
1
1
2
1
1
14
0
0
0
0
0
0
0
0
0
0
0
0
0
12
1
1
2
1
1
14
0
0
0
0
0
0
0
0
0
0
0
0
0
12
1
1
2
1
1
14
0
0
0
0
0
0
0
0
0
0
0
0
0
11
15
15
2
15
15
10
0
0
0
0
0
0
0
0
0
0
0
0
0
0
0
0
7
3
3
3
3
3
3
3
3
3
3
0
0
0
0
0
0
0
0
0
0
0
0
0
0
0
0
0
0
0
0
0
14
19
18
